0.100000000000000000e+00 1.000000000000000000e+00 5.000000000000000000e+00
0.900000000000000000e+00 1.000000000000000000e+00 5.000000000000000000e+00
1.000000000000000000e+00 1.050000000000000044e+00 5.049999999999999822e+00
1.000000000000000000e+00 1.100000000000000089e+00 5.099999999999999645e+00
1.000000000000000000e+00 1.150000000000000133e+00 5.149999999999999467e+00
1.000000000000000000e+00 1.200000000000000178e+00 5.199999999999999289e+00
1.000000000000000000e+00 1.250000000000000222e+00 5.249999999999999112e+00
1.000000000000000000e+00 1.300000000000000266e+00 5.299999999999998934e+00
1.000000000000000000e+00 1.350000000000000311e+00 5.349999999999998757e+00
1.000000000000000000e+00 1.400000000000000355e+00 5.399999999999998579e+00
1.000000000000000000e+00 1.450000000000000400e+00 5.449999999999998401e+00
1.000000000000000000e+00 1.500000000000000444e+00 5.499999999999998224e+00
1.000000000000000000e+00 1.550000000000000488e+00 5.549999999999998046e+00
1.000000000000000000e+00 1.600000000000000533e+00 5.599999999999997868e+00
1.000000000000000000e+00 1.650000000000000577e+00 5.649999999999997691e+00
1.000000000000000000e+00 1.700000000000000622e+00 5.699999999999997513e+00
1.000000000000000000e+00 1.750000000000000666e+00 5.749999999999997335e+00
1.000000000000000000e+00 1.800000000000000711e+00 5.799999999999997158e+00
1.000000000000000000e+00 1.850000000000000755e+00 5.849999999999996980e+00
0.000000000000000000e+00 1.900000000000000799e+00 5.899999999999996803e+00
