5.663349999999999795e+01 -3.918899999999999828e+00
5.828589999999999804e+01 -4.412589999999999790e+00
5.230069999999999908e+01 1.478169999999999984e+00
5.803099999999999881e+01 -4.883399999999999963e+00
5.848190000000000310e+01 -4.201319999999999943e+00
5.144250100000000003e+01 -2.327666999999999931e+00
5.761319999999999908e+01 -5.308410000000000295e+00
5.849316799999999716e+01 -3.910166999999999948e+00
5.791380000000000194e+01 -4.330470000000000041e+00
5.690720000000000312e+01 -4.803420000000000023e+00
5.747129999999999939e+01 -5.571900000000000297e+00
5.797990000000000066e+01 -4.612049999999999983e+00
5.743359999999999843e+01 -3.892490000000000006e+00
5.018666799999999739e+01 -5.227667000000000286e+00
5.715350000000000108e+01 -5.211619999999999919e+00
5.694120000000000203e+01 -4.516610000000000014e+00
5.273849899999999735e+01 -1.307666999999999913e+00
5.683259999999999934e+01 -4.219579999999999664e+00
5.187049999999999983e+01 -6.133299999999999863e-02
5.691266600000000153e+01 -2.486499999999999932e+00
5.324520100000000156e+01 -6.376199999999999868e+00
5.787400000000000233e+01 -5.263020000000000032e+00
5.043533299999999997e+01 -3.931000000000000050e+00
5.592333200000000204e+01 -3.187500000000000000e+00
5.114816700000000083e+01 1.134832999999999981e+00
5.531650199999999984e+01 -3.205166999999999877e+00
5.288949999999999818e+01 -3.199832999999999927e+00
5.486633299999999736e+01 -4.711332999999999771e+00
5.707730000000000103e+01 -4.964209999999999567e+00
5.710100200000000115e+01 -4.559499999999999886e+00
5.251833299999999838e+01 -2.880666999999999867e+00
5.086733199999999755e+01 3.363329999999999931e-01
5.395816800000000057e+01 -1.624166999999999916e+00
5.099433499999999952e+01 -4.484833000000000069e+00
5.815140000000000242e+01 -4.972059999999999924e+00
5.417699999999999960e+01 -4.625000000000000000e+00
5.458866499999999888e+01 -3.104833000000000176e+00
5.733916899999999828e+01 -5.652667000000000108e+00
5.726100000000000279e+01 -5.490529999999999688e+00
5.345683300000000315e+01 -3.260000000000000120e-01
5.211383399999999710e+01 -4.068166999999999867e+00
5.199733400000000216e+01 -2.998333000000000137e+00
5.628000000000000114e+01 -3.450000000000000178e+00
5.183916500000000127e+01 -2.804167000000000076e+00
5.216380000000000194e+01 4.800000000000000100e-02
5.769169999999999732e+01 -4.410160000000000302e+00
5.166049999999999898e+01 -2.550167000000000073e+00
5.581150099999999981e+01 -4.483666999999999625e+00
5.800189999999999912e+01 -5.112619999999999720e+00
5.671240000000000236e+01 -4.107099999999999973e+00
5.803000000000000114e+01 -4.169999999999999929e+00
5.056533400000000000e+01 -4.685666999999999582e+00
5.309133099999999672e+01 -2.206167000000000211e+00
5.823629999999999995e+01 -5.375130000000000408e+00
5.177583299999999866e+01 -2.162500000000000089e+00
5.151316800000000029e+01 -1.800332999999999961e+00
5.328933299999999917e+01 -4.396666999999999881e+00
5.131283200000000022e+01 -1.222833000000000059e+00
