7 13 8
4.0        6.0        8.0        9.0        10.0       11.0       12.0       15.0      
3.39004    3.12382    3.34276    3.43707    3.23860    3.19679    3.16078    3.22993   
3.41834    3.18522    3.39931    3.43068    3.17801    3.21436    3.12190    3.16670   
3.40709    3.16545    3.33349    3.30454    3.11813    3.33994    3.11237    3.09518   
3.38622    3.26364    3.43974    3.30385    3.33097    3.46831    3.19928    3.21437   
3.14406    3.66358    3.58027    3.56873    3.44864    3.26930    3.18272    3.33128   
2.82295    3.78304    3.49177    3.64590    3.41652    3.14507    3.11798    3.35396   
2.65108    3.40409    3.07615    3.41690    3.51582    3.35101    3.31560    3.44195   
2.77051    3.17898    2.93976    3.01395    3.52421    3.38046    3.46934    3.39251   
2.82435    2.93998    3.02282    2.84017    3.26725    3.28893    3.32288    3.35683   
2.84923    2.61543    2.88488    2.89148    2.99315    3.17774    3.30879    3.27456   
2.92820    2.80145    2.72387    2.78335    2.87749    3.04979    3.23182    3.24402   
2.97143    2.82815    2.60438    2.72277    2.92386    3.05334    3.12257    3.21714   
2.91443    2.65633    2.67820    2.85819    3.08737    3.05693    3.11910    3.23042   
3.26779    3.19482    3.06418    2.97572    3.09658    3.07567    3.00623    3.13025   
3.20316    3.24374    2.83605    2.75496    3.05204    3.15065    2.98475    3.06134   
3.25120    3.25934    2.66015    2.64161    3.15145    3.35950    3.07536    3.13091   
3.26771    3.10686    2.80473    2.85894    3.27494    3.42975    3.20219    3.34978   
3.02740    3.11899    3.33853    3.32936    3.38544    3.45860    3.24441    3.38245   
2.86106    3.43931    3.52291    3.49729    3.58049    3.62625    3.46147    3.28112   
2.79962    3.39858    3.40481    3.35650    3.56478    3.54223    3.56874    3.30798   
2.70922    3.15487    3.38276    3.32082    3.29417    3.30867    3.33216    3.36831   
2.78995    3.09333    3.44353    3.34406    3.26568    3.31269    3.31402    3.44450   
2.94743    2.99843    3.17355    3.26114    3.26301    3.23466    3.31221    3.34234   
2.96602    2.88783    2.99015    3.18615    3.14373    3.11032    3.27643    3.33641   
2.99488    3.01292    2.91503    3.09484    3.09857    3.16014    3.29054    3.41761   
3.02838    2.97750    2.72486    2.88311    3.06146    3.24024    3.26472    3.30700   
2.84375    3.04594    2.52154    2.44787    2.88868    2.95606    2.90335    3.01264   
2.79785    3.06201    2.45416    2.46748    3.14232    3.26940    3.00972    3.13558   
3.06277    3.09499    2.64678    2.78417    3.33934    3.39654    3.27692    3.39595   
3.24805    2.98552    2.87112    3.00599    3.26955    3.30232    3.42913    3.44959   
3.12290    2.75096    2.83065    2.86048    3.24059    3.23530    3.49527    3.45046   
2.78718    2.60859    2.83624    2.98004    3.22342    3.37476    3.42155    3.20562   
2.42426    2.40436    2.90898    2.88029    2.94862    3.08098    3.09621    2.95688   
2.32986    2.45367    3.28705    3.06846    2.89473    3.01187    3.20235    3.33066   
2.63917    2.93172    3.59096    3.37959    3.25066    3.27211    3.29021    3.56609   
3.25690    3.23129    3.41486    3.31862    3.29679    3.25649    3.31146    3.47391   
3.17050    3.17088    3.30752    3.32706    3.30636    3.15343    3.32152    3.33921   
3.09407    3.19151    3.38545    3.48753    3.43869    3.19957    3.35710    3.45198   
3.04574    3.26581    3.30264    3.49688    3.40615    3.33787    3.35036    3.48484   
2.45997    2.85409    2.44443    2.43663    3.10209    3.22966    2.99946    3.22155   
2.31384    3.03226    2.88596    3.00395    3.45994    3.42478    3.46005    3.52770   
2.61013    2.86571    3.32419    3.40966    3.43527    3.31952    3.60819    3.53324   
2.98276    2.84753    3.08490    2.91953    3.19979    3.08386    3.32471    3.27157   
3.09373    2.90658    2.82064    2.52401    2.87784    2.82053    3.03612    3.05479   
2.90504    2.65841    2.61967    2.48575    2.66896    2.87140    3.06011    3.05110   
2.50927    2.34994    2.30989    2.65062    2.52787    2.98238    3.08598    3.20131   
2.42604    2.29004    2.43200    2.84084    2.60885    2.88681    3.16545    3.42687   
2.93999    2.51948    3.12695    3.18754    3.17503    3.18074    3.24194    3.45068   
3.11339    2.74875    3.11524    3.03234    3.18647    3.17231    3.16505    3.27359   
2.88684    2.98582    3.06339    2.87811    3.10859    3.09139    3.21099    3.22957   
3.06189    3.13896    3.31766    3.24927    3.35653    3.09877    3.30653    3.25426   
3.09917    3.40498    3.65753    3.59729    3.49537    3.34061    3.36214    3.44746   
2.01164    2.94149    3.40324    3.47636    3.57935    3.47551    3.68167    3.62008   
1.94223    2.54770    3.75577    3.84511    3.57385    3.37276    3.73945    3.56487   
2.04194    2.31149    3.31797    3.22294    3.37473    3.21615    3.42596    3.22426   
2.68126    2.62686    2.74752    2.79187    3.12290    3.12713    3.00033    3.05656   
3.29536    3.19861    3.01623    2.72543    3.01170    2.91092    3.11033    3.15572   
3.25499    2.89649    2.75537    2.58904    2.95423    2.86570    3.07065    3.25395   
2.76244    2.38077    2.37160    2.66998    2.71827    2.94375    3.14863    3.36388   
2.56362    2.35501    2.49964    2.94119    2.71731    3.01608    3.21625    3.34132   
2.84263    2.50202    2.95931    3.15953    3.12874    3.14877    3.15868    3.23289   
2.91780    2.45585    2.80744    2.96455    3.12297    3.10418    2.95341    3.06128   
2.30334    2.33183    2.52745    2.45394    2.91571    3.03556    2.83843    2.99679   
2.07119    2.86961    2.94782    2.86274    2.96332    3.01616    3.03627    3.26685   
2.52527    3.24454    3.42783    3.31905    3.17644    3.12859    3.20821    3.41818   
1.90394    3.65357    3.66165    3.96321    3.61205    3.59139    3.73614    3.63109   
1.88037    3.40227    3.65026    3.86026    3.66801    3.69823    3.67453    3.57869   
2.01073    3.29595    3.49481    3.66266    3.75378    3.76076    3.55526    3.46014   
2.65976    3.24328    3.45356    3.53540    3.62692    3.56445    3.54750    3.36150   
3.31311    3.34247    3.32593    3.23086    3.42515    3.26954    3.48622    3.42290   
3.17154    3.05620    3.06007    3.11267    3.45172    3.25617    3.38308    3.46061   
2.90006    2.83717    2.56519    2.90140    3.26719    3.19429    3.31402    3.29312   
2.65249    2.69365    2.38873    2.90357    3.01545    3.19285    3.28661    3.13855   
2.67411    2.76131    2.94743    3.20360    3.21046    3.23672    3.24172    3.37369   
2.81705    2.66784    2.97565    3.11657    3.15723    3.16395    3.13066    3.29680   
2.35587    2.46375    2.98728    2.97965    2.90236    3.10531    2.98441    3.26467   
2.12050    2.65003    2.89155    3.15854    2.84143    2.99098    2.96500    3.44322   
2.46345    3.10055    2.81422    3.07134    3.01354    3.01857    3.21435    3.36527   
4.01707    4.00374    2.71891    3.13653    3.04462    3.29047    3.13912    3.26144   
3.71109    3.98277    3.07969    3.41287    3.23321    3.54367    3.15152    3.50704   
3.33049    3.88847    3.21216    3.59381    3.32629    3.59385    3.07809    3.54099   
3.24375    3.85086    3.17210    3.55347    3.39730    3.50678    3.11109    3.52946   
3.04064    3.73928    3.11508    3.28580    3.33527    3.28244    3.23798    3.45950   
2.99816    3.29828    3.44780    3.33877    3.42966    3.29988    3.35313    3.42561   
2.98959    3.19136    3.58525    3.36386    3.52582    3.39025    3.37369    3.34785   
2.96479    3.27661    3.35653    3.22325    3.36662    3.39168    3.36345    3.31273   
2.79058    2.96820    3.10162    3.15745    3.18840    3.26363    3.32225    3.50884   
2.62194    2.35203    3.04723    3.00277    3.08605    3.10709    3.24360    3.50182   
2.53568    2.60841    3.05686    3.19416    3.08677    3.17348    3.30839    3.53799   
2.60565    2.38174    2.68341    3.05240    3.05223    3.08550    3.18794    3.47611   
2.77941    2.44494    2.50808    2.76195    2.83423    3.03848    3.19622    3.39203   
0.81952    0.87018    0.75421    0.73959    0.88769    0.79326    0.64080    0.70678   
0.77448    0.78831    0.67810    0.69122    0.80796    0.77343    0.57652    0.68472   
0.75061    0.75845    0.66984    0.68580    0.75389    0.70039    0.54587    0.66104   
0.73690    0.68796    0.57492    0.64047    0.64747    0.58620    0.53700    0.62870   
0.72195    0.49801    0.47232    0.49724    0.52517    0.53676    0.48208    0.51511   
0.70540    0.44115    0.52685    0.51388    0.58044    0.58765    0.50707    0.52637   
0.67262    0.54861    0.55133    0.55163    0.55323    0.51734    0.50572    0.54374   
0.66974    0.55080    0.53244    0.59503    0.56253    0.53622    0.47482    0.54309   
0.66105    0.57994    0.53019    0.53778    0.54482    0.49935    0.47208    0.43982   
0.67323    0.55284    0.53036    0.57346    0.58821    0.51371    0.46872    0.45768   
0.65421    0.59332    0.56754    0.66142    0.64740    0.53790    0.52849    0.55883   
0.75471    0.70130    0.62574    0.76608    0.74178    0.58949    0.59305    0.63026   
0.81028    0.75493    0.77228    0.85138    0.83345    0.63454    0.62998    0.66202   
0.77489    0.81390    0.67861    0.69698    0.81762    0.75375    0.53428    0.68449   
0.80030    0.75939    0.68921    0.68170    0.79719    0.74004    0.51984    0.67052   
0.80168    0.72776    0.64416    0.64185    0.73622    0.64870    0.55133    0.65972   
0.76150    0.71560    0.64636    0.65985    0.65055    0.58760    0.52641    0.59065   
0.72464    0.60013    0.56065    0.57901    0.56888    0.48413    0.47422    0.47163   
0.70203    0.53627    0.51505    0.55757    0.54890    0.46003    0.45478    0.49311   
0.68653    0.53927    0.54509    0.59366    0.56335    0.50897    0.46671    0.52398   
0.64894    0.58377    0.55479    0.56065    0.58695    0.53285    0.49424    0.51863   
0.69706    0.56545    0.53812    0.56301    0.59128    0.54830    0.49902    0.49023   
0.69152    0.59826    0.59811    0.62380    0.64557    0.51926    0.49959    0.50573   
0.67464    0.60615    0.56250    0.62783    0.65371    0.54417    0.52652    0.56326   
0.68083    0.60113    0.59249    0.69261    0.65997    0.54397    0.53346    0.57109   
0.74499    0.71487    0.66177    0.78531    0.73445    0.59364    0.59058    0.64441   
0.75710    0.80609    0.61078    0.57904    0.76883    0.72127    0.50766    0.66746   
0.79236    0.79240    0.60318    0.61945    0.76751    0.67618    0.55559    0.68432   
0.82425    0.75235    0.66800    0.68934    0.67614    0.58255    0.54457    0.63629   
0.76850    0.70839    0.68199    0.71607    0.68639    0.61904    0.53974    0.61100   
0.70353    0.61412    0.59079    0.59948    0.57698    0.54236    0.47004    0.50867   
0.69541    0.57261    0.61731    0.62308    0.61413    0.51885    0.48429    0.51548   
0.57667    0.52422    0.65803    0.68893    0.64842    0.55066    0.51274    0.46118   
0.55450    0.57836    0.61918    0.67553    0.63585    0.53741    0.50056    0.50963   
0.63637    0.57750    0.50692    0.59346    0.63755    0.54215    0.49166    0.46437   
0.67470    0.57507    0.53028    0.58992    0.61593    0.51389    0.49935    0.49103   
0.66956    0.59523    0.57973    0.59208    0.63339    0.52559    0.51101    0.55633   
0.67069    0.59147    0.54813    0.56742    0.62474    0.53106    0.51139    0.56731   
0.64623    0.58571    0.57677    0.58176    0.61855    0.51851    0.51428    0.55652   
0.68458    0.82231    0.62650    0.62497    0.80170    0.71749    0.56388    0.70297   
0.59042    0.77027    0.77430    0.77581    0.67394    0.56988    0.53949    0.62844   
0.72800    0.78045    0.70564    0.67798    0.67942    0.60811    0.50094    0.61323   
0.77133    0.71415    0.74703    0.74901    0.72434    0.59885    0.59462    0.62122   
0.71598    0.60200    0.60350    0.55121    0.64888    0.50629    0.50890    0.52204   
0.72273    0.57563    0.56061    0.54307    0.58967    0.51265    0.47623    0.49584   
0.60871    0.49903    0.50256    0.61060    0.56934    0.51996    0.47678    0.50521   
0.58033    0.50962    0.53996    0.65970    0.59511    0.52077    0.49990    0.44934   
0.75061    0.58858    0.64065    0.64634    0.65865    0.52838    0.50686    0.48345   
0.71482    0.62602    0.61830    0.63464    0.62473    0.52315    0.52301    0.52599   
0.73250    0.63257    0.61704    0.63400    0.68198    0.53802    0.53542    0.53391   
0.73013    0.63592    0.58292    0.64604    0.66554    0.55616    0.51298    0.55462   
0.65680    0.56696    0.47732    0.52558    0.59164    0.53464    0.50696    0.53151   
0.39800    0.77481    0.76352    0.75816    0.65479    0.56647    0.49504    0.60924   
0.34555    0.71288    0.59835    0.56544    0.62482    0.57798    0.44705    0.59275   
0.41516    0.62954    0.83475    0.87640    0.76945    0.66811    0.61380    0.63938   
0.73321    0.68819    0.76989    0.73740    0.80607    0.64004    0.61487    0.58744   
0.71876    0.60393    0.62002    0.58323    0.67138    0.52704    0.50971    0.53301   
0.69758    0.57675    0.55822    0.55654    0.62524    0.50897    0.46497    0.49505   
0.67919    0.52202    0.53802    0.61820    0.61656    0.54054    0.50420    0.44713   
0.63937    0.52710    0.59431    0.68821    0.63728    0.54703    0.50017    0.48915   
0.72016    0.57241    0.58573    0.61684    0.63825    0.49880    0.49158    0.47760   
0.69755    0.55711    0.60495    0.64451    0.64883    0.53718    0.48476    0.49585   
0.52094    0.51863    0.55558    0.56425    0.66555    0.51023    0.46991    0.49323   
0.40645    0.64222    0.61265    0.63352    0.63576    0.51445    0.48855    0.52021   
0.60241    0.60244    0.55051    0.59468    0.60810    0.53025    0.49269    0.47889   
0.33950    0.64550    0.60697    0.52398    0.64129    0.52185    0.45561    0.55303   
0.32057    0.76635    0.67196    0.61836    0.70292    0.54464    0.50887    0.61229   
0.42521    0.78117    0.72341    0.69484    0.67391    0.52813    0.54013    0.63608   
0.76549    0.76192    0.70346    0.66519    0.67273    0.54265    0.52096    0.61710   
0.73917    0.65672    0.63330    0.66527    0.67289    0.57626    0.48917    0.54657   
0.71108    0.61772    0.59415    0.63140    0.61971    0.54560    0.46280    0.46020   
0.69835    0.59560    0.58513    0.66821    0.65735    0.55333    0.48210    0.48309   
0.66351    0.58431    0.54510    0.66566    0.66023    0.53993    0.48391    0.49385   
0.64228    0.59531    0.56568    0.58882    0.61636    0.48880    0.48161    0.47440   
0.65828    0.57609    0.62074    0.64069    0.60630    0.52147    0.50447    0.51535   
0.52727    0.55710    0.57306    0.66114    0.66302    0.54753    0.48644    0.52861   
0.42029    0.58219    0.57650    0.58674    0.56670    0.47192    0.45410    0.48229   
0.54104    0.60929    0.57496    0.60078    0.61920    0.51533    0.49645    0.48141   
0.52871    0.44332    0.68951    0.76062    0.72185    0.58613    0.58694    0.63074   
0.78052    0.44151    0.74678    0.73553    0.76003    0.57277    0.60663    0.61711   
0.92899    0.49085    0.77023    0.69820    0.76895    0.59159    0.58943    0.61053   
0.93106    0.46935    0.74724    0.68581    0.73046    0.56317    0.57434    0.57308   
0.81602    0.49646    0.70355    0.67878    0.66891    0.57210    0.54196    0.52470   
0.71259    0.59353    0.60858    0.62260    0.63128    0.53712    0.49315    0.48786   
0.70439    0.58331    0.52047    0.60589    0.57524    0.50878    0.45893    0.48387   
0.69746    0.56605    0.62177    0.65445    0.62831    0.52252    0.48368    0.50554   
0.68500    0.55790    0.56364    0.58114    0.58819    0.48308    0.48595    0.47992   
0.62283    0.47779    0.53074    0.59081    0.57332    0.48080    0.48708    0.45622   
0.60222    0.55270    0.59607    0.59317    0.62047    0.51768    0.48250    0.49592   
0.62340    0.46801    0.57224    0.57417    0.59702    0.49314    0.47046    0.48007   
0.69803    0.57627    0.55432    0.64456    0.65535    0.52397    0.50014    0.51026   
